% date | month | active | removed
25	3	379     61
26	3	437     78
27	3	442     82
28	3	498     105
29	3	535     112
30	3	596     124
31	3	655     139
1	4	655     139
2	4	743     142
3	4	836     154
4	4	914     157
5	4	974     169
6	4	1075	193
7	4	1193	202
8	4	1333	219
9	4	1401	231
10	4	1572	238
11	4	1593	310
12	4	1745	337
13	4	1891	351
14	4	1943	406
15	4	2037	410
16	4	2220	450
17	4	2370	453
18	4	2439	463
19	4	2534	499
20	4	2578	534
21	4	2688	591
22	4	2800	599
23	4	2898	608
24	4	2947	658
25	4	2997	684
26	4	3051	695
27	4	3119	713
28	4	3230	720
29	4	3240	793
30	4	3345	793
1	5	3465	818
2	5	3393	962
3	5	3385	1032
4	5	3410	1062
5	5	3516	1125
6	5	3576	1133
7	5	3627	1148
8	5	3707	1194
9	5	3754	1204
10	5	3893	1247
11	5	3906	1289
12	5	3584	1719
13	5	3699	1738
14	5	3872	1745
15	5	3919	1760
16	5	4028	1767
17	5	4149	1773
18	5	4212	1784
19	5	4149	1904
20	5	4232	1918
21	5	4186	2034
22	5	4257	2059
23	5	4352	2091
24	5	4462	2099
25	5	4474	2154
26	5	4503	2186
27	5	4618	2208
28	5	4696	2233
29	5	4729	2324
30	5	4629	2522
31	5	4650	2622
1	6	4616	2767
2	6	4529	2930
3	6	4476	3063
4	6	4463	3137
5	6	4401	3283
6	6	4411	3375
7	6	4239	3707
8	6	4294	3743
9	6	4360	3916
10	6	4355	4068
11	6	4333	4219
12	6	4287	4341
13	6	4344	4404
14	6	4201	4662
15	6	4190	4778
16	6	4180	4912
17	6	4177	5032
18	6	4199	5186
19	6	4244	5281
20	6	4279	5424
21	6	4161	5669
22	6	4211	5746
23	6	4276	5847
24	6	4327	5950
25	6	4406	6066
26	6	4466	6174
27	6	4611	6242
28	6	4485	6500
29	6	4326	6754
30	6	4123	7153
1	7	4158	7324
2	7	4160	7517
3	7	4067	7757
4	7	4012	8027
5	7	3974	8321
6	7	3835	8691
7	7	3784	8941
8	7	3973	9096
9	7	4035	9324
10	7	4089	9509
11	7	4227	9730
12	7	4459	9902
13	7	4521	10118
14	7	4672	10242
15	7	4732	10441
16	7	4887	10579
17	7	4982	10725
18	7	5181	10857
19	7	5159	11192
20	7	5361	11351
21	7	5531	11622
22	7	5576	11953
23	7	5876	12069
24	7	5877	12353
25	7	6139	12484
26	7	6333	12668
27	7	6695	12778
28	7	6717	13168
29	7	7037	13433
30	7	7147	13622
31	7	7157	14044
1	8	6836	14739
2	8	7075	14879
3	8	7411	15032
4	8	7648	15261
5	8	7611	15655
6	8	7949	15914
